270
61,73
108,286
9,101
70,93
26,302
91,173
72,235
99,245
279,323
32,294
86
144,218
121
84
8,147
22,138
56,195
277
155
38,261
87,120
122
66,182
154
174
232,303
160
12,216
198,276
51
307
281
94,181
175,184
25,172
156,299
63,239
262,305
71
107
110
13,135
14,129
132,226
37,69
15,159
105
53,64
77,150
24,28
162,257
130,264
81
76,224
43,141
241
97,166
40,234
95,280
65,212
137,223
55,238
96,221
131
115,207
23
128,290
134,178
187
250,274
199,282
42,90
21,227
113,125
191
92,304
143
123
39,74
255,291
20
136,316
225
266,267
1,240
19,194
5,300
197,285
289,297
204,209
3
157,206
253
237,292
46,83
189,196
45
59,295
219
50
246,288
67,119
114,146
116
165
161,311
88,278
30,283
319
35
98,177
287,312
31,111
7
100,158
192,230
152,258
112,205
148
4,164
163
268,310
0,213
220,233
2,80
68,200
106,169
242
49,236
27,249
244,315
139,271
48
78
34,153
222
60,170
167,284
211,269
47,259
126
202
6,263
118,254
256,317
201,320
252
229
33
140
124,231
243
176,188
247
41
251
109,133
183
11,117
58,321
171,275
10,301
318
54
57
322
265
185
89
151
193,308
44,104
248
75,103
145
79,228
29,314
217
85,272
17,168
260
296
298
190,214
16,36
186
52
215
179
210,313
309
208,293
62
180,203
102,142
18
127
306
273
82,149
